 PDE 2009  1 15  7 27 20.30 -22.3500  170.6300  27.0 5.8 6.7 SOUTHEAST OF LOYALTY ISL - INV
event name:     200901150727A
time shift:      7.4700
half duration:   4.8000
latitude:      -22.5719
longitude:     170.4662
depth:          20.8135
Mrr:       0.695936E+26
Mtt:      -0.555809E+26
Mpp:      -0.140127E+26
Mrt:       0.512565E+26
Mrp:      -0.182890E+26
Mtp:       0.284395E+26
