PDE 2008  2 10 12 22  2.70 -60.8000  -25.5900   8.0 6.4 6.6 SOUTH SANDWICH ISLANDS R - INV
event name:     200802101222A
time shift:      5.7400
half duration:   4.6000
latitude:      -61.0499
longitude:     -25.0055
depth:           9.4918
Mrr:      -0.715579E+26
Mtt:       0.791984E+26
Mpp:      -0.764050E+25
Mrt:       0.125543E+26
Mrp:      -0.228999E+25
Mtp:       0.373684E+26
